%YAML:1.0
---
rotation: [ -5.5866086483001709e-01, -2.4391604587435722e-02,
    -8.2903748750686646e-01, -8.0481100082397461e-01,
    2.5751143693923950e-01, 5.3475904464721680e-01,
    2.0044299960136414e-01, 9.6596735715866089e-01,
    -1.6349218785762787e-01 ]
hand_joints:
   finger1joint1: [ 2.0943951606750488e-01, 5.2359879016876221e-02,
       1.4835299551486969e-01 ]
   finger1joint2: [ 4.4505897164344788e-01, 0., 0. ]
   finger1joint3: [ 1.1344640702009201e-01, 0., 0. ]
   finger2joint1: [ 7.0685839653015137e-01, 0., 5.2359879016876221e-02 ]
   finger2joint2: [ 6.0213863849639893e-01, 0., 0. ]
   finger2joint3: [ 2.7052605152130127e-01, -1.9198621809482574e-01, 0. ]
   finger3joint1: [ 0., -7.8539818525314331e-02, 0. ]
   finger3joint2: [ 6.1086523532867432e-01, -2.0943951606750488e-01, 0. ]
   finger3joint3: [ 4.5378562808036804e-01, 0., 0. ]
   finger4joint1: [ -1.2217304855585098e-01, -2.4434609711170197e-01,
       5.2359879016876221e-02 ]
   finger4joint2: [ 5.2359879016876221e-01, 0., 0. ]
   finger4joint3: [ 1.7453293502330780e-01, 0., 0. ]
   finger5joint1: [ 4.2760568857192993e-01, 2.2689281404018402e-01,
       5.4105210304260254e-01 ]
   finger5joint2: [ 4.4505897164344788e-01, 0., 0. ]
   finger5joint3: [ 0., 0., 0. ]
   metacarpals: [ 0., 0., 0. ]
   carpals: [ 0., 0., 0. ]
   root: [ 0., 0., 0. ]
